-0.303625
-0.418855
0.322566
0.160827
-0.577971
0.718040
13.246393
5.974986
3.553650
1.441167
0.814114
2.255313
5.352525
-2.232137
-0.219073
-0.654117
-2.502042
-1.059334
-0.644248
-1.930913
-0.901748
2.700739
26.416031
-10.264965
7.932095
0.354857
-0.690808
-1.184999
0.562878
-0.023671
37.612508
1.078066
0.781582
-10.139473
0.016168
-1.216113
-0.910846
-0.536240
-0.428631
-5.173921
-0.928809
38.150858
-121.019709
-1.090715
1.514290
-0.026628
1.201878
-17.778535
-20.178604
-0.583252
0.721702
6.884324
1.084288
-1.114115
-0.341516
-0.059558
0.884917
-1.004362
-0.040530
617.759724
-0.659734
13.905266
1.619255
-1.502269
1.966457
-0.402652
-0.400292
-1.098620
2.530280
-13.904358
0.897297
0.039018
-2.633146
1050.087700
-8.022496
-72.663649
1.378297
-1.478976
0.971282
0.902602
0.249801
1.661243
-4.434906
0.581031
2.384419
11.183432
0.599770
-9.097435
-3.739592
-0.682038
0.565735
-0.270490
0.759556
1.583037
-1.119753
10.641925
0.804568
0.739156
1.154979
0.189611
-4.609124
-0.119043
30.544010
-0.313645
-4.386929
0.402016
0.782963
-0.245128
-1.418066
0.672398
-5.622145
-3.324489
-0.648044
-5.864074
2.831721
-0.703673
1.227352
0.211911
0.588259
-0.206284
0.568958
1.150723
-0.131130
0.014714
-4.512199
0.410945
0.529165
0.727542
0.153160
-0.519358
-0.277855
0.252066
-0.086395
0.689760
-0.229200
-5.932252
0.048692
-0.147836
-0.278313
4.518144
-1.458851
0.617376
-0.186735
1.456897
-0.833971
-8.739901
-0.387872
5.982532
-5.113488
0.442739
-0.714695
0.503998
-0.875446
1.689858
0.507325
4.383781
-0.401769
-1.015454
1.158742
-0.563759
0.497320
-0.642746
2.196088
-0.840042
-0.831560
-1.196440
-0.239043
-0.243196
1.362456
2.368598
1.190400
0.867819
6.127984
0.110950
-3.154220
0.337000
-0.077040
-0.212936
-2.765318
-2.124651
0.510090
-2.591922
1.612528
-2.452461
0.977003
-0.466081
-1.863273
-3.111694
-0.000466
0.999249
1.260497
1.755957
-0.619584
0.554039
0.505268
-1.620584
1.202089
3.638479
-2.755444
-0.032977
-0.504997
0.727533
-7.052070
-0.360582
0.587458
-7.937430
2.014778
-12.043336
-1.043205
0.375333
5.602058
-3.025503
1.564530
-0.565463
-0.095456
-0.268618
33.519621
6.897000
-0.113350
0.192874
-3.327318
-5.556532
2.007059
0.489086
-0.577853
0.581396
-2.733864
-0.091341
-2.934406
0.351439
0.711867
-5.828320
1.625773
-1.246129
-5.083721
3.112408
1.962148
0.750340
-0.316218
0.299671
-0.070443
3.769151
0.213186
0.292297
-3.468020
-0.035307
0.770058
1.380679
1.857228
11.132100
-1.043319
-0.017535
-3.674531
-0.662184
-0.809095
0.906814
-3.551041
0.166798
2.636639
-4.513811
1.250409
54.041109
-3.620331
0.048491
1.253971
-13.464969
0.157798
-0.373426
-1.392408
2.123097
-0.364813
-0.049559
41.356858
0.329550
0.170814
-0.148344
0.425170
-0.936912
1.548277
-0.578249
17.531117
0.028063
-1.425104
-0.276351
3.790213
0.178472
-0.362135
3.008041
-153.278452
2.119304
-4.857996
1.158778
2.606838
112.442372
0.298678
0.143790
-0.723998
1.131241
-1.240963
-1.550892
-1.893363
-0.276136
-0.997433
1.642002
-0.385587
-6.205156
0.478603
1.556196
1.065836
0.263107
4.051228
-4.582205
-0.005768
-2.162510
-1.454998
0.486376
-1.079997
0.373602
4.602488
0.403788
1.048863
-1.544187
-0.333926
-0.527333
1.921074
-0.796135
-0.220894
-0.159297
-0.686843
-0.995999
0.240314
1.719935
4.634618
1.031305
-30.410370
0.357753
1.002366
-0.155234
0.061475
-0.564368
101.952392
1.628221
0.749949
-1.489378
1.587654
-0.796440
0.582585
0.066297
1.265915
-22.275695
-4.355958
1.088774
1.123487
1.266927
1.892861
-0.615758
0.457126
0.565654
-2.050008
-1.561290
-2.882760
-1.312152
0.214808
1.140818
-0.769375
4.817134
0.372117
-0.605292
-2.049521
0.540455
-0.026863
-1.627165
0.105195
-2.221916
0.071122
-0.063217
-0.164547
-1.122771
0.187096
-1.165413
9.355685
-1.182439
0.455190
1.646111
-1.077835
3.552294
0.058614
-0.479584
5.290464
0.340326
-0.418301
0.529080
-0.923175
-1.212122
-1.080252
0.577157
-2.133684
0.012520
0.123577
0.653656
2.416942
6.669720
-0.690026
-0.868139
-0.326226
4.093504
0.858678
0.979896
-4.421231
-1.407041
2.015200
-0.056961
-0.077092
1.343923
-2.950816
-0.135523
0.542506
-0.742490
4.089063
-3.843610
0.038774
-2.065124
-0.585395
-3.103633
0.030014
-0.907119
-0.307296
-0.288263
3.101598
1.278827
10.962767
-1.680086
0.745383
11.125720
0.479069
0.183070
-1.566659
-0.666720
-0.302504
-41.778581
0.442598
-1.771050
-1.927954
2.341307
8.385815
-1.887726
1.210361
1.532126
0.668123
-1.286432
-0.231068
0.174539
-0.992536
-1.819675
-0.022813
-0.284355
0.514753
6.118832
0.936623
0.506750
0.380427
2.670981
-0.045695
0.068298
-0.214094
0.104867
-1.166939
-9.558026
-0.599865
-0.151379
-0.578688
1.393168
-0.069808
-1.561153
0.390291
-1.123051
1.389330
-0.202194
1.519834
1.833454
0.892291
1.147181
0.105504
-0.849094
-0.135284
-0.614700
1.479835
45.766412
0.421257
-0.176430
0.162123
-0.934392
-1.141636
0.301239
-0.397576
-0.577056
-84.935017
1.989256
-24.527900
1.208978
0.965206
-5.434698
2.527602
-0.655276
3.874299
0.147010
-0.076687
0.088543
0.744699
1.925694
2.715217
0.680613
0.553704
0.488795
2.705057
1.662531
1.202793
3.687329
1.800606
2.050750
0.703762
-12.617521
2.449286
-9.399675
-2.662985
0.414377
-2.470428
2.783490
-1.389817
1.306419
-1.598768
-0.305374
-1.028276
0.652121
-1.006996
4.118801
3.522621
-4.892029
-0.547245
0.334645
-0.237858
1.499833
-0.291951
0.920282
68.258810
0.280706
-2.087029
-0.112227
0.799278
0.057657
-3.191279
-1.303793
1.595126
-1.949638
-1.335790
-2.354622
1.323458
-0.359678
1.104266
-0.366027
0.625264
0.331209
0.835473
-0.595571
-2.604962
-1.670367
-2.717974
-3.473592
3.840603
-1.269728
-8.601172
-0.860128
-0.139754
-0.955097
-0.491268
0.236710
-7.430619
1.761728
0.165945
-2.429811
0.303193
0.535031
-1.185121
0.460531
-1.307685
-0.264154
-0.999809
2.285472
3.254707
-51.906316
4.711569
-2.122189
-0.124218
-1.992391
-0.229252
0.294303
-1.006789
1.022985
-0.721012
0.973930
-0.316489
0.416409
22.476994
-0.519114
-4.078305
-0.652964
3.849967
2.353846
1.373814
-0.050499
0.757765
-1.092738
0.208292
0.695515
9.801874
-1.590199
0.231042
-2.239891
0.994327
2.011095
0.421265
-0.243230
0.830777
-53.715901
40.567613
0.170950
-4.104089
3.786659
127.017527
-1.368587
0.456202
-3.133139
1.502562
-0.240110
-0.048673
0.054633
2.030351
17.697287
1.710320
0.326954
-2.463814
-0.862821
-32.660981
0.415489
0.455821
-0.386565
-0.356872
-10.340518
-0.091952
1.872435
5.330926
-1.511901
-0.896623
2.398910
-0.575384
-1.717647
2.762290
5.736881
4.395774
-2.240160
0.397903
-146.587776
0.563381
1.995080
0.054373
-1.553380
0.257049
-1.380494
-0.673317
-1.154453
-18.042469
-0.187780
-1.406616
-0.641377
0.501132
-0.192017
3.367097
-1.095811
0.549139
2.488609
0.489151
0.492020
1.034962
-0.016868
-1.505576
1.122025
-0.289154
-0.069276
-0.232375
-0.747097
-0.495094
-0.439192
-1.297794
-0.299975
1.646741
-8.189291
4.106274
1.132412
-1.379340
0.652132
-1.587201
0.255165
-15.327750
-7.083715
-2.610185
1.255267
0.964656
2.869454
-3.650665
-0.655892
-0.285527
0.220302
1.690286
3.053048
-0.660289
3.348775
-3.652594
-4.303047
-0.079742
-0.970635
1.352664
0.897410
-0.317634
0.787730
-0.234356
-0.609535
5.273102
1.109319
0.819229
-5.102852
-2.071788
-2.062339
2.925025
-0.932018
-2.862027
-1.261212
-0.521193
0.576296
-0.612075
0.569967
-9.028062
-0.646941
5.566179
-0.152796
-0.847203
0.658626
2.915197
2.106406
-0.154775
-0.235528
-0.686763
0.033101
-2.427117
-2.376315
-4.015192
-0.105908
-0.880623
-0.137282
0.455750
-1.331046
0.379491
-0.316808
-0.774818
0.508526
1.965311
-0.217191
-0.590962
-2.907116
0.164261
-19.156139
-0.047378
-2.267546
-0.715592
0.927534
-0.543253
0.377530
-1.431406
1.072135
-203.682174
-5.785342
145.632461
6.532140
-6.316932
0.313309
1.384215
3.179870
-6.222631
-11.096306
0.380607
-0.331140
0.621727
-6.124896
1.983641
-2.078366
-0.545953
-1.346135
-0.546882
33.197845
0.731312
0.014939
-0.870238
-0.139688
0.273862
0.840300
1.314090
0.120479
-6.762368
-0.507969
-0.095360
-4.658323
-1.455754
-0.524804
0.289851
-1.940746
0.251854
0.444932
-1.544220
4.763167
0.255330
0.497902
4.081239
252.756803
3.162829
-1.211556
3.185187
0.169868
-37.452265
2.257398
-3.347955
0.048902
-0.112261
-1.874498
-2.915678
39.590160
-4.026489
2.309018
1.836791
-0.050731
70.408367
-0.231737
0.234035
-1.838996
2.342739
-0.378647
-48.133106
-4.566906
-0.202321
-2.313421
-1.149620
4.170120
-0.013365
0.090983
-0.344728
0.543647
0.835468
-9.023461
-1.039425
492.185419
2.892566
-0.720983
-3.564705
-0.385221
-0.674395
4.656850
0.989475
12.957822
-0.320120
-0.833914
0.504240
-0.551466
5.739987
0.051735
-3.002345
1.585740
0.740407
1.349151
-0.416924
0.410615
30.030964
0.423274
-0.184538
2.853369
0.388620
0.446908
-0.599745
-1.052803
1.645373
-1.347716
-1.947724
3.418573
5.199894
-0.178624
0.990101
3.373245
2.273733
0.147519
0.719836
2.620565
0.171769
1.819719
-1.333341
-0.237386
0.652003
1.500775
-0.949679
-0.974533
-2.299702
-8.449635
-1.890041
-1.098276
-1.197106
-1.043687
0.691727
-0.695970
0.239447
-0.980896
4.965215
0.527958
-0.030059
0.159804
0.619190
0.625220
-4.790356
-1.735578
1.709126
1.370720
-0.509830
-2.144029
-0.539281
0.451761
2.196015
1.284011
-76.161301
-0.231212
1.528440
2.422401
24.127392
0.474255
-0.011995
-0.744298
0.688220
1.579379
-1309.001753
2.472162
0.127363
-1.188928
-0.599836
-1.108428
-6.969308
-2.798270
-0.257782
5.782000
-0.133673
-18.782633
0.167401
2.857839
2.394177
-0.565965
0.075977
0.716206
21.435661
4.656314
0.095492
0.577159
0.119529
2.236983
-0.731052
-0.978323
-0.491460
-2.294097
-1.859668
0.022390
0.841424
1.307387
-2.433735
1.972742
-1.739461
0.738089
-2.068186
-2.184805
-0.645128
0.008791
-0.248752
-2.199754
-0.184694
142.617376
1.613789
-0.362061
1.037758
1.390219
1.521112
-0.296956
0.748392
-0.301479
0.641875
-0.712764
0.443313
0.358231
-0.174792
0.360464